%YAML:1.0
---
Matrix: !!opencv-matrix
   rows: 3
   cols: 3
   dt: d
   data: [ 9.0728899773225442e+02, 0., 3.4024849017525941e+02, 0.,
       9.0787431290355835e+02, 2.2269155668693350e+02, 0., 0., 1. ]
distCoeffs: !!opencv-matrix
   rows: 5
   cols: 1
   dt: d
   data: [ -1.6691929027300084e-01, 2.6820955365970200e-01,
       -9.1536938413058256e-04, 3.0628631504788488e-04,
       -2.4811199244812240e-01 ]
rvecs:
   - !!opencv-matrix
      rows: 3
      cols: 1
      dt: d
      data: [ 1.9535334522930478e-01, -8.9390992408410700e-04,
          2.2667358924904849e-02 ]
   - !!opencv-matrix
      rows: 3
      cols: 1
      dt: d
      data: [ 2.0440912382508955e-01, -1.1880466069593146e-01,
          -3.2331441907477242e-02 ]
   - !!opencv-matrix
      rows: 3
      cols: 1
      dt: d
      data: [ 1.9604523041963720e-01, 1.1252716531989471e-01,
          7.2058893591450984e-02 ]
   - !!opencv-matrix
      rows: 3
      cols: 1
      dt: d
      data: [ 5.1124968447283710e-02, 1.1822628285357922e-01,
          6.0376439908177364e-02 ]
   - !!opencv-matrix
      rows: 3
      cols: 1
      dt: d
      data: [ 4.0420136409581739e-02, 1.4391595304830546e-02,
          2.2660660040933662e-02 ]
   - !!opencv-matrix
      rows: 3
      cols: 1
      dt: d
      data: [ 4.6108865949870258e-02, -1.3530409438398602e-01,
          -3.1876389100398611e-02 ]
   - !!opencv-matrix
      rows: 3
      cols: 1
      dt: d
      data: [ 1.1555858289255572e-01, 4.6028344103157405e-02,
          6.7024291193893110e-02 ]
   - !!opencv-matrix
      rows: 3
      cols: 1
      dt: d
      data: [ 1.1780074024806207e-01, 9.0304233450696811e-02,
          9.7040713606837817e-02 ]
   - !!opencv-matrix
      rows: 3
      cols: 1
      dt: d
      data: [ 1.0928041735333417e-01, -2.4662883003299999e-02,
          1.8280946068611553e-02 ]
   - !!opencv-matrix
      rows: 3
      cols: 1
      dt: d
      data: [ 1.8006693187334138e-01, -2.1446124114228932e-02,
          2.1390231296593950e-02 ]
   - !!opencv-matrix
      rows: 3
      cols: 1
      dt: d
      data: [ 6.5885903631552611e-02, -8.6542648616146946e-03,
          2.7935258875236429e-02 ]
   - !!opencv-matrix
      rows: 3
      cols: 1
      dt: d
      data: [ -6.8337519396487453e-02, -4.7890823948303997e-02,
          -1.2244047390013868e+00 ]
   - !!opencv-matrix
      rows: 3
      cols: 1
      dt: d
      data: [ -1.7594159843074770e-03, -7.8496885479281561e-02,
          -1.2434224357820087e+00 ]
   - !!opencv-matrix
      rows: 3
      cols: 1
      dt: d
      data: [ -9.7140902039854787e-02, 1.8092494138788075e-02,
          -1.2201543758029190e+00 ]
   - !!opencv-matrix
      rows: 3
      cols: 1
      dt: d
      data: [ 1.6084608615103799e-01, 2.7322851395985265e-01,
          1.4725803244845028e+00 ]
   - !!opencv-matrix
      rows: 3
      cols: 1
      dt: d
      data: [ 1.3453230844589070e-01, 2.1219722708497926e-01,
          1.4674246927578996e+00 ]
   - !!opencv-matrix
      rows: 3
      cols: 1
      dt: d
      data: [ 1.0978895912525825e-01, 1.4547410019529833e-01,
          1.4853370177659213e+00 ]
tvecs:
   - !!opencv-matrix
      rows: 3
      cols: 1
      dt: d
      data: [ -9.4663335293175820e+01, -8.8712578911115628e+01,
          5.2157470815704096e+02 ]
   - !!opencv-matrix
      rows: 3
      cols: 1
      dt: d
      data: [ -1.7388289074901618e+02, -8.7541431842096557e+01,
          5.0507127953953216e+02 ]
   - !!opencv-matrix
      rows: 3
      cols: 1
      dt: d
      data: [ -2.0105520607144879e+01, -9.0076384803011365e+01,
          5.2738500472731721e+02 ]
   - !!opencv-matrix
      rows: 3
      cols: 1
      dt: d
      data: [ -2.1338675861122390e+01, 3.0369054029121569e-02,
          5.4553702043307658e+02 ]
   - !!opencv-matrix
      rows: 3
      cols: 1
      dt: d
      data: [ -8.7779177148675089e+01, 6.6752838373255923e+00,
          5.4132751936752402e+02 ]
   - !!opencv-matrix
      rows: 3
      cols: 1
      dt: d
      data: [ -1.8270593645366230e+02, 8.9058883995562752e+00,
          5.2157885386536634e+02 ]
   - !!opencv-matrix
      rows: 3
      cols: 1
      dt: d
      data: [ -8.4564924998670037e+01, -5.2324168881686695e+01,
          3.6484364758580517e+02 ]
   - !!opencv-matrix
      rows: 3
      cols: 1
      dt: d
      data: [ -6.1124144939827147e+01, -5.4883456361154302e+01,
          3.6761287433436405e+02 ]
   - !!opencv-matrix
      rows: 3
      cols: 1
      dt: d
      data: [ -1.2188297307007446e+02, -4.4810327370571699e+01,
          3.5855935690068839e+02 ]
   - !!opencv-matrix
      rows: 3
      cols: 1
      dt: d
      data: [ -1.1957280945209612e+02, -7.6718131299212885e+01,
          3.4921610063166332e+02 ]
   - !!opencv-matrix
      rows: 3
      cols: 1
      dt: d
      data: [ -1.1384094299170626e+02, -2.6026964620849103e+01,
          3.6539471666219617e+02 ]
   - !!opencv-matrix
      rows: 3
      cols: 1
      dt: d
      data: [ -9.6262609469397418e+01, 6.9819130398676080e+01,
          4.4496297335746107e+02 ]
   - !!opencv-matrix
      rows: 3
      cols: 1
      dt: d
      data: [ -5.5567047217716535e+01, 6.4015864504003446e+01,
          4.3326685903228179e+02 ]
   - !!opencv-matrix
      rows: 3
      cols: 1
      dt: d
      data: [ -1.3495930349532316e+02, 6.3541877724436262e+01,
          4.5188710470512041e+02 ]
   - !!opencv-matrix
      rows: 3
      cols: 1
      dt: d
      data: [ 7.8643922974175567e+01, -9.4791369012320047e+01,
          4.5031655822303458e+02 ]
   - !!opencv-matrix
      rows: 3
      cols: 1
      dt: d
      data: [ 3.8535217938485360e+01, -1.0066821817906688e+02,
          4.5076796314347195e+02 ]
   - !!opencv-matrix
      rows: 3
      cols: 1
      dt: d
      data: [ -1.2422128145018865e+01, -1.0025883217323602e+02,
          4.4674486958342681e+02 ]
